16.5571
18.2441
19.1535
19.5616
19.8515
19.5945
20.5533
20.8478
21.1522
20.6709
20.2380
21.2503
20.7674
21.7238
19.9355
21.5827
21.9025
21.3076
21.4506
21.9366
21.1817
21.7016
20.6411
21.9219
21.9024
22.2977
21.7610
20.8873
22.0250
22.0367
21.9083
21.8496
21.9921
22.1344
21.8239
21.2131
20.1618
22.2620
20.6781
20.5229
22.1388
21.4360
22.0658
22.7199
20.9396
20.3748
21.6178
21.0663
21.0910
20.8073
21.2123
20.8754
22.0082
20.4851
22.4173
21.7806
21.4755
21.3103
21.4664
21.7104
22.0327
22.4932
19.1150
20.7163
21.7873
21.6367
22.4782
21.9174
19.9242
22.1500
22.4379
21.3343
21.3624
11.5426
22.4418
21.6762
21.9370
21.5261
22.4830
22.6805
22.0792
21.6914
21.8596
22.3427
21.5459
22.2356
20.4395
21.7780
22.0905
21.4583
21.0239
17.3236
19.4886
21.4032
21.1112
20.3735
20.8777
21.4310
22.4992
22.4631
21.8019
22.5746
21.7900
22.1385
22.7867
21.5826
22.8586
22.1629
16.7309
22.6368
22.1927
20.4184
21.9056
21.3019
22.1830
19.3098
19.8453
22.7777
22.8591
5.4553
22.5249
22.8424
21.7205
18.6655
21.7716
22.0908
21.9453
22.7070
22.0848
22.8703
22.1917
22.3661
22.4540
22.3252
22.2878
21.6125
18.0645
22.8785
22.4056
22.8883
21.7757
22.1598
21.6866
21.9419
22.4643
22.8060
22.7965
22.9284
22.4520
22.5354
22.2347
21.1396
18.6832
22.9484
19.8060
22.3915
22.1912
21.7962
16.7720
22.2356
20.7081
17.0275
22.6784
22.4557
21.4396
21.7392
21.9516
18.5401
22.2060
22.8853
22.6415
22.9920
23.0256
23.0107
23.0563
23.1083
23.0805
23.1326
22.3062
23.0699
22.9213
23.0080
23.0167
23.0394
23.1939
23.0068
23.0999
23.0943
23.1277
22.9803
23.0289
23.1919
22.8266
23.0998
23.1983
22.5713
23.1347
23.0044
23.1804
23.1397
22.5748
23.1393
23.0811
23.1315
22.1177
23.0431
23.0522
22.8851
23.0609
23.1256
23.1503
23.1036
23.1021
23.0798
22.9474
22.8416
23.1796
23.0928
22.9472
23.1884
23.0232
23.2289
23.2644
23.0877
23.2017
23.1745
23.1104
23.0470
23.2130
23.1718
23.1116
23.2299
23.0688
22.9068
23.0501
23.0708
23.1722
23.1087
23.0457
23.1693
23.1593
23.0789
23.0166
23.1606
23.0924
23.1425
23.2228
23.1398
23.2294
23.0861
23.2897
23.1020
23.1880
22.8958
22.6625
23.1964
23.2041
23.1389
23.0619
23.0712
22.5331
23.1720
23.2534
23.1851
23.2441
23.0803
23.1918
23.1910
23.1702
23.0251
23.1796
23.2484
23.2273
23.1123
23.2699
23.0615
23.1223
23.0071
23.2112
22.6936
23.1186
23.2465
23.3444
23.2867
23.2968
23.2517
23.2201
23.2172
23.2000
22.8845
23.1283
23.1795
23.2357
23.2604
23.3348
23.2264
23.1306
23.2365
23.2077
23.1505
23.2786
23.1435
23.1810
23.2749
23.2599
23.2484
23.1447
23.2730
23.1895
23.2912
23.2370
23.3168
23.3099
23.3216
22.6479
23.3102
23.3125
23.2001
23.1234
23.1857
22.9255
23.2805
23.2138
23.1205
23.1197
23.1245
23.2175
23.3116
23.2853
21.5512
23.1802
23.2330
23.2989
23.3611
23.3115
23.1855
23.2571
23.2624
23.2957
23.1381
23.3140
23.3111
23.3329
23.1501
23.2318
23.1434
23.0124
23.1878
23.2838
23.3379
23.0856
23.2000
22.9606
23.3288
23.3232
23.0878
23.3194
23.1605
23.2448
23.2963
23.2240
23.2533
23.3005
23.2613
23.1348
22.9220
23.1808
23.1761
23.3146
23.3094
23.1430
23.1758
23.3189
23.3580
23.1471
23.2817
23.2973
23.2849
23.1823
23.2599
23.1667
23.2768
23.2390
23.3237
23.3508
23.2174
23.1893
23.3013
22.0555
23.2292
23.3691
23.3721
23.3032
23.2874
23.1106
23.1275
15.0558
22.8985
23.1123
23.2069
23.2416
23.3225
23.3008
23.3024
23.2907
23.3433
23.3069
23.3290
23.2588
23.2619
23.3199
23.3217
23.2855
23.2509
23.3479
23.1976
23.3252
23.2510
23.3219
23.2448
23.2083
23.2096
23.2261
23.3035
23.3743
23.3310
23.2193
23.3067
23.2166
23.3289
23.2953
23.1026
23.2634
23.2438
22.9048
23.2511
23.1225
23.3576
23.2329
23.0512
23.3038
23.2737
23.0007
23.1744
23.2459
23.1735
23.3957
23.2287
23.3051
23.2973
23.3859
23.2665
23.3419
23.0625
23.2692
23.2709
23.2827
23.3618
23.3708
23.2696
23.0416
23.3335
23.2376
23.4114
23.2206
23.2998
23.0540
23.3689
23.3402
23.2543
23.3351
23.3594
23.3881
23.4070
23.1246
23.0759
23.3095
23.2812
23.2778
23.2731
23.2619
23.3360
23.2940
23.3573
23.2994
23.2806
22.5247
23.2782
23.3867
23.2234
23.3470
23.2448
23.2371
23.1592
23.1964
23.2423
23.3935
23.1693
23.3530
23.3643
23.2677
