16.5529
18.5507
19.8739
20.8397
19.7544
20.0868
20.3381
20.4012
21.3625
21.2724
21.8165
20.5400
21.7390
21.9204
22.2171
18.5336
22.2855
21.9690
21.4724
22.3702
22.0980
22.4418
22.0600
21.4836
21.4771
21.0478
20.8828
21.6781
22.8263
22.3160
22.6365
22.2443
21.9543
22.4824
22.7955
22.6065
22.3983
22.3137
20.9146
22.8564
22.4702
21.4188
22.7986
21.8102
22.4376
22.8883
21.8818
22.0366
22.5744
21.9854
21.6765
22.6668
20.1000
21.8898
22.2828
22.8062
22.4044
22.1168
22.2038
22.8609
22.4446
22.7252
22.4378
22.2863
22.6618
22.7912
22.7268
22.5586
22.8007
22.8213
22.8192
22.5797
21.8315
22.4756
22.4595
22.9887
22.8826
21.9724
21.8141
22.3368
22.8940
22.8658
22.4560
22.3113
22.9291
22.7952
22.2162
23.0168
22.7029
22.9871
23.0589
22.6114
22.8884
22.8226
22.8413
21.4903
23.0197
23.0088
22.4993
22.8808
22.6745
23.0705
23.0440
22.9432
22.8257
22.9919
22.6794
22.5082
22.5826
23.0636
22.2250
22.8863
22.5873
22.9020
22.9594
22.3268
22.9225
22.9016
22.9621
23.1147
22.5403
22.2306
23.0801
22.6003
23.1040
23.0505
23.0281
23.0216
22.9496
22.9199
22.7453
22.9722
22.6759
22.9226
22.9889
22.6290
22.7691
23.0413
23.0785
22.9273
22.2196
22.8325
23.0674
22.3281
22.8766
22.6551
22.6194
23.0914
22.8425
23.0359
23.1359
22.7622
22.9598
22.0924
23.1224
22.8788
22.8737
22.5389
22.9823
23.0988
22.9593
22.7732
22.6822
23.0858
22.8913
22.8226
22.6343
22.8705
22.9265
22.4362
21.9075
23.0496
23.0806
22.8404
23.0773
23.1267
23.0902
23.0698
21.9566
22.9473
22.8556
23.2305
23.0927
22.5032
23.1015
23.0772
22.8924
23.1333
23.0477
22.9876
23.0783
22.9644
22.7736
22.8294
23.0541
23.1521
23.1104
23.0003
23.1174
22.8644
23.1220
23.0776
23.0256
23.1546
23.1602
23.0144
23.1394
22.6532
22.8721
23.1304
23.1716
23.1457
22.6820
23.0133
23.0782
22.7889
22.3519
22.9724
23.1238
23.1450
23.1663
23.1904
22.9885
22.6660
23.0527
23.2220
23.1607
23.1400
22.8182
23.0963
23.1868
22.9246
23.2412
23.1254
23.2301
23.2773
22.1691
22.9732
23.2699
22.9961
22.5496
23.1198
23.2337
22.6057
23.1530
23.0823
23.0437
22.8916
23.0746
23.1957
23.2001
23.1255
22.3237
23.1796
23.1871
23.2162
23.1687
23.1309
23.2084
22.9086
23.2799
23.1394
23.0914
23.2053
22.5164
23.1449
23.1833
23.2299
23.1430
23.1694
22.9146
22.8391
22.9891
23.1038
23.0648
23.0837
23.1836
22.7329
22.8039
23.2999
22.7520
23.1261
23.0032
23.0136
23.0115
23.0712
23.0759
22.9345
23.0830
23.0753
22.8024
22.6169
23.2543
23.0446
23.1738
23.1667
23.1534
23.2328
23.1846
23.0435
23.1040
23.1889
23.0481
23.2842
23.0290
23.1982
23.2499
23.1911
23.2321
23.2932
23.0652
23.0568
23.1069
23.3634
23.2347
23.2426
22.9595
23.2724
23.1984
23.0885
22.5903
22.9638
23.0174
23.2554
23.2834
23.0182
22.5006
23.2140
23.1813
23.3104
23.2355
23.1083
23.2804
23.0069
23.2481
23.1409
23.2908
23.1672
23.1872
23.0985
23.2398
23.1113
23.0108
23.1628
22.9444
23.1466
23.2594
22.8468
23.0729
22.8617
23.3474
22.8771
22.6080
23.0566
23.2701
23.2244
22.9840
22.9632
23.2595
23.2568
23.2559
23.2051
23.3090
23.2312
23.3005
23.3317
23.1857
23.0767
23.3972
23.0855
23.3211
23.2591
23.0921
23.2618
22.8134
23.2137
23.2752
23.2591
23.2706
23.2973
23.1328
23.2345
22.7904
23.2354
23.2511
23.2784
23.2065
23.1490
23.1240
23.2870
22.8546
23.2251
23.1640
23.2614
23.1723
23.2254
23.0774
23.2468
23.1498
22.9271
23.3776
23.1240
22.8314
23.2486
23.1538
22.9360
23.2943
23.1880
23.2946
23.2082
22.9313
22.5458
23.2839
22.9347
23.3588
23.2488
23.0910
23.1876
23.1507
23.2450
23.1302
23.2404
23.0816
23.3618
23.2672
23.2764
23.1744
23.3348
23.2816
23.3002
23.3240
23.1524
23.3631
23.2386
23.2234
23.3218
23.2733
23.2573
23.2570
23.3530
23.2957
23.2475
23.3301
23.3164
23.2826
23.2427
23.2008
23.0745
23.3584
23.2401
23.2830
23.1329
23.0748
23.3295
23.2275
23.3184
23.2035
23.1997
23.2411
23.2753
23.2209
23.2603
23.3225
23.3352
23.3228
23.2840
23.1696
22.9453
23.3337
22.7556
22.8856
23.1856
23.2568
23.1831
23.2933
23.3388
23.2624
23.3761
23.3962
23.1779
23.3621
23.1098
22.8823
23.0942
23.3073
23.3778
23.3565
22.9150
23.2564
23.2285
23.0967
23.3932
23.3197
23.1901
23.2287
23.2565
23.3923
23.1366
23.3029
23.1332
23.3190
